A*
N =  100
Initial state: (48, 16, 2, 74, 67, 82, 56, 47, 57, 61, 5, 31, 23, 56, 24, 70, 73, 21, 25, 80, 57, 76, 39, 17, 58, 53, 92, 29, 88, 11, 29, 99, 33, 13, 68, 61, 84, 92, 38, 86, 16, 35, 75, 63, 2, 28, 90, 65, 58, 50, 11, 24, 40, 94, 83, 69, 29, 24, 54, 69, 56, 90, 15, 82, 88, 62, 5, 14, 12, 92, 75, 15, 57, 13, 69, 98, 20, 48, 77, 79, 28, 9, 84, 72, 55, 74, 95, 2, 28, 63, 36, 73, 96, 56, 47, 0, 51, 70, 23, 97)



GA
N =  500
Mutation rate:  20
Generation:  3382
Running time(ms):  439582.61466026306
Memory(MB):  (42988342, 48719657)